1 45   1 66 0.584893    2 39 0.513214    3 37 0.578348    
2 0   1 24 1    2 24 1    
3 55   1 25 0.985386    2 31 0.883091    3 26 0.517752    4 48 0.853864    
4 45   1 27 1    2 28 0.585541    
5 110   1 47 0.601323    2 29 0.600981    3 48 0.675504    
6 115   1 41 0.644118    2 30 0.7677    3 48 0.98188    
7 70   1 24 1    2 40 1    
8 205   1 40 1    2 33 1    
9 185   1 25 0.693458    2 27 0.799533    3 36 0.556249    4 48 0.902687    
10 250   1 32 0.895297    2 31 0.633538    3 25 0.895297    
11 255   1 26 0.778004    2 26 0.868683    3 48 0.993227    
12 335   1 45 1    
13 290   1 27 1    2 32 1    
14 340   1 32 1    
91950 28 6.87158e+07 1.08622e+07  0.85796 1.50508 0.954545 346.615 201.923 7.51818 92124.8
